0.3275
0.645
0.24
0.8275
0.0875
0.95
0.4375
0.0
0.795
0.875
0.1675
0.0
0.0
0.4825
0.275
0.475
0.655
0.98
0.7825
0.0
0.3125
0.0
0.1825
0.255
0.17
0.71
0.0275
0.0
0.19
0.44
0.2225
0.2775
0.9
0.0
0.6175
0.9125
0.3975
0.0
0.24
0.0225
0.9925
0.24
0.4375
0.5475
0.8975
0.0
0.5775
0.7825
0.0
0.0
0.3975
0.51
0.7575
0.0875
0.355
0.43
0.965
0.6525
0.095
0.8025
0.0
0.9025
0.235
0.735
0.6525
0.63
0.915
0.0
0.405
0.0
0.2975
0.2625
0.0275
0.715
0.69
0.345
0.895
0.21
0.6325
0.3725
0.39
0.0575
0.0
0.535
0.4325
0.855
0.485
0.0025
0.6425
0.1425
0.465
0.43
0.645
0.6675
0.785
0.7275
0.71
0.0
0.495
0.7925
0.2975
0.0
0.0
0.255
0.23
0.12
0.8025
0.07
0.0
0.61
0.495
0.855
0.11
0.2625
0.385
0.2575
0.0
0.125
0.9025
0.3
0.1425
0.0
0.81
0.2775
0.0
0.1325
0.445
0.485
0.235
0.88
0.0
0.0
0.405
0.8
0.8925
0.0
0.925
0.58
0.0
0.72
0.545
0.1425
0.0225
0.695
0.3725
0.0
0.06
0.0225
0.4475
0.0
0.75
0.0
0.3675
0.0225
0.2925
0.0
0.0
0.3975
0.0
0.1975
0.585
0.8925
0.785
0.63
0.765
0.1225
0.63
0.4325
0.0
0.0
0.23
0.765
0.9925
0.0
0.1075
0.495
0.0
0.4625
0.0
0.21
0.2975
0.165
0.345
0.0
0.395
0.3675
0.8925
0.0
0.3725
0.1675
0.07
0.9
0.0
0.1425
0.06
0.6425
0.12
0.54
0.11
0.88
0.6925
0.4425
0.855
0.0
0.855
0.71
0.8275
0.665
0.8625
0.7275
0.12
0.1225
0.515
0.8925
0.0
0.9675
0.7875
0.0
0.7625
0.0
0.6325
0.395
0.0
0.21
0.0225
0.4175
0.9675
0.54
0.0425
0.2425
0.1
0.7775
0.52
0.1175
0.275
0.945
0.9525
0.155
0.625
0.2575
0.67
0.5275
0.925
0.95
0.5025
0.1425
0.58
0.64
0.3725
0.0
0.685
0.4825
0.79
0.345
0.12
0.4825
0.4025
0.0
0.9
0.17
0.79
0.0
0.755
0.0
0.0
0.0025
0.1325
0.2575
0.045
0.455
0.005
0.655
0.735
0.3675
0.71
0.8125
0.905
0.72
0.0825
0.71
0.345
0.9425
0.8325
0.3425
0.5
0.9
0.4325
0.2125
0.1925
0.0325
0.0
0.0725
0.95
0.21
0.565
0.0
0.515
0.735
0.0
0.505
0.7775
0.4575
0.84
0.0
0.3275
0.0
0.25
0.0025
0.075
0.5
0.0
0.9675
0.4325
0.1325
0.07
0.0
0.2425
0.0075
0.0375
0.5575
0.88
0.2775
0.12
0.0075
0.1425
0.47
0.71
0.75
0.7075
0.6425
0.355
0.9825
0.8075
0.1075
0.045
0.95
0.6325
0.0
0.575
0.1425
0.24
0.12
0.165
0.5275
0.5375
0.1975
0.43
0.7675
0.0
0.0
0.0
0.9775
0.9
0.67
0.0
0.9425
0.0675
0.5
0.2575
0.18
0.685
0.0
0.645
0.0
0.0
0.005
0.8825
0.385
0.0
0.3725
0.3125
0.1075
0.345
0.81
0.715
0.71
0.9375
0.6425
0.9425
0.655
0.0
0.445
0.765
0.2975
0.3
0.2625
0.2675
0.345
0.505
0.3625
0.3275
0.0
0.5525
0.38
0.67
0.43
0.0
0.5
0.0
0.0
0.4825
0.3375
0.315
0.54
0.0
0.0925
0.2425
0.015
0.955
0.6375
0.2775
0.0275
0.93
0.405
0.9925
0.3275
0.785
0.1075
0.405
0.0575
0.005
0.0
0.0
0.895
0.73
0.71
0.9125
0.18
0.0075
0.0
0.72
0.79
0.6025
0.6525
0.0
0.5775
0.86
0.8275
0.505
0.0
0.0
0.4575
0.72
0.175
0.385
0.675
0.87
0.0
0.2275
0.72
0.0
0.3575
0.69
0.0
0.0
0.8875
0.08
0.0
0.375
0.8075
0.9
0.8275
0.53
0.6275
0.17
0.59
0.7775
0.14
0.74
0.0
0.0
0.43
0.005
0.235
0.11
0.355
0.8925
0.0
0.0
0.905
0.9775
0.17
0.0425
0.0
0.725
0.08
0.715
0.1975
0.9
0.9175
0.445
0.855
0.305
0.6375
0.785
0.0925
0.4725
0.095
0.955
